{
  "nbformat": 4,
  "nbformat_minor": 0,
  "metadata": {
    "colab": {
      "name": "surprise_model_recs.ipynb",
      "provenance": [],
      "collapsed_sections": []
    },
    "kernelspec": {
      "name": "python3",
      "display_name": "Python 3"
    }
  },
  "cells": [
    {
      "cell_type": "markdown",
      "metadata": {
        "id": "4frRf8f5GaGm",
        "colab_type": "text"
      },
      "source": [
        "### Recommendations using surprise library models:\n",
        "\n",
        "This notebook uses the surprise library to build a model using surprise library and generate ratings for the test data. \\\\\n",
        "**Models:** SVD, Baseline estimation, item-item based KNN collaborative filtering etc are explored. Hyperparameter tuning for the models is performed. \\\\\n",
        "**Evaluation:** The test data ratings are stored for further evaluation such as RMSE and MAE. The recommendations are evaluated using precision@5, recall@5, NDCG and overall accuracy. "
      ]
    },
    {
      "cell_type": "code",
      "metadata": {
        "id": "J9FfIKsk0bDJ",
        "colab_type": "code",
        "colab": {}
      },
      "source": [
        "from surprise import SVD, BaselineOnly, SVDpp, NMF, SlopeOne, CoClustering, Reader\n",
        "from surprise import Dataset\n",
        "from surprise.model_selection import cross_validate\n",
        "from surprise.prediction_algorithms import KNNBaseline, KNNBasic, KNNWithMeans, KNNWithZScore\n",
        "from surprise import accuracy\n",
        "from surprise.model_selection import train_test_split"
      ],
      "execution_count": null,
      "outputs": []
    },
    {
      "cell_type": "code",
      "metadata": {
        "id": "9KVxfVg3ClZs",
        "colab_type": "code",
        "colab": {}
      },
      "source": [
        "import math\n",
        "from collections import defaultdict\n",
        "import csv\n",
        "from sklearn.metrics import ndcg_score\n",
        "import numpy as np\n",
        "import pandas as pd\n",
        "import time"
      ],
      "execution_count": null,
      "outputs": []
    },
    {
      "cell_type": "code",
      "metadata": {
        "id": "EuYk0kIA_UST",
        "colab_type": "code",
        "colab": {}
      },
      "source": [
        "def convert_traintest_dataframe_forsurprise(training_dataframe, testing_dataframe):\n",
        "    reader = Reader(rating_scale=(0, 5))\n",
        "    trainset = Dataset.load_from_df(training_dataframe[['userId', 'movieId', 'rating']], reader)\n",
        "    testset = Dataset.load_from_df(testing_dataframe[['userId', 'movieId', 'rating']], reader)\n",
        "    trainset = trainset.construct_trainset(trainset.raw_ratings)\n",
        "    testset = testset.construct_testset(testset.raw_ratings)\n",
        "    return trainset, testset"
      ],
      "execution_count": null,
      "outputs": []
    },
    {
      "cell_type": "code",
      "metadata": {
        "id": "lWluXYjg_UeP",
        "colab_type": "code",
        "colab": {}
      },
      "source": [
        "file_path_train = 'training_data.csv'\n",
        "file_path_test = 'testing_data.csv'\n",
        "traindf = pd.read_csv(file_path_train)\n",
        "testdf = pd.read_csv(file_path_test)\n",
        "trainset, testset = convert_traintest_dataframe_forsurprise(traindf, testdf)"
      ],
      "execution_count": null,
      "outputs": []
    },
    {
      "cell_type": "code",
      "metadata": {
        "id": "2RMF8fphXcWs",
        "colab_type": "code",
        "colab": {}
      },
      "source": [
        "def get_top_n(predictions, n):\n",
        "    # First map the predictions to each user.\n",
        "    top_n = defaultdict(list)\n",
        "    org_ratings = defaultdict(list)\n",
        "\n",
        "    for uid, iid, true_r, est, _ in predictions:\n",
        "        top_n[uid].append((iid, est))\n",
        "        org_ratings[uid].append((iid, true_r))\n",
        "\n",
        "    # Then sort the predictions for each user and retrieve the k highest ones.\n",
        "    for uid, user_ratings in top_n.items():\n",
        "        user_ratings.sort(key=lambda x: x[1], reverse=True)\n",
        "        top_n[uid] = user_ratings[:n]\n",
        "\n",
        "    return top_n, org_ratings"
      ],
      "execution_count": null,
      "outputs": []
    },
    {
      "cell_type": "code",
      "metadata": {
        "id": "B_tRE3LbYrdc",
        "colab_type": "code",
        "colab": {}
      },
      "source": [
        "def dcg_at_k(scores):\n",
        "    return scores[0] + sum(sc/math.log(ind, 2) for sc, ind in zip(scores[1:], range(2, len(scores) + 1)))\n",
        "\n",
        "def ndcg_at_k(scores):\n",
        "    idcg = dcg_at_k(sorted(scores, reverse=True))\n",
        "    return (dcg_at_k(scores)/idcg) if idcg > 0.0 else 0.0"
      ],
      "execution_count": null,
      "outputs": []
    },
    {
      "cell_type": "code",
      "metadata": {
        "id": "0XdmBknpvATu",
        "colab_type": "code",
        "colab": {}
      },
      "source": [
        "def precision_recall_at_k(predictions, k=5, threshold=3.5):\n",
        "    '''Return precision and recall at k metrics for each user.'''\n",
        "\n",
        "    # First map the predictions to each user.\n",
        "    user_est_true = defaultdict(list)\n",
        "    for uid, _, true_r, est, _ in predictions:\n",
        "        user_est_true[uid].append((est, true_r))\n",
        "\n",
        "    precisions = dict()\n",
        "    recalls = dict()\n",
        "    for uid, user_ratings in user_est_true.items():\n",
        "\n",
        "        # Sort user ratings by estimated value\n",
        "        user_ratings.sort(key=lambda x: x[0], reverse=True)\n",
        "\n",
        "        # Number of relevant items\n",
        "        n_rel = sum((true_r >= threshold) for (_, true_r) in user_ratings)\n",
        "\n",
        "        # Number of recommended items in top k\n",
        "        n_rec_k = sum((est >= threshold) for (est, _) in user_ratings[:k])\n",
        "\n",
        "        # Number of relevant and recommended items in top k\n",
        "        n_rel_and_rec_k = sum(((true_r >= threshold) and (est >= threshold))\n",
        "                              for (est, true_r) in user_ratings[:k])\n",
        "\n",
        "        # Precision@K: Proportion of recommended items that are relevant\n",
        "        precisions[uid] = n_rel_and_rec_k / n_rec_k if n_rec_k != 0 else 1\n",
        "\n",
        "        # Recall@K: Proportion of relevant items that are recommended\n",
        "        recalls[uid] = n_rel_and_rec_k / n_rel if n_rel != 0 else 1\n",
        "\n",
        "    precision = (sum(prec for prec in precisions.values()) / len(precisions))\n",
        "    recall = (sum(rec for rec in recalls.values()) / len(recalls))\n",
        "\n",
        "    return precision, recall"
      ],
      "execution_count": null,
      "outputs": []
    },
    {
      "cell_type": "code",
      "metadata": {
        "id": "AlitWSrNb2wZ",
        "colab_type": "code",
        "colab": {}
      },
      "source": [
        "def recommendation(algo, trainset, testset):\n",
        "  # Train the algorithm on the trainset, and predict ratings for the testset\n",
        "  start_fit = time.time()\n",
        "  algo.fit(trainset)\n",
        "  end_fit = time.time()\n",
        "  fit_time = end_fit - start_fit\n",
        "\n",
        "  # Predictions on testing set\n",
        "  start_test = time.time()\n",
        "  test_predictions = algo.test(testset)\n",
        "  end_test = time.time()\n",
        "  test_time = end_test - start_test\n",
        "\n",
        "  test_rmse = accuracy.rmse(test_predictions)\n",
        "  test_mae = accuracy.mae(test_predictions)\n",
        "\n",
        "  top_n, org_ratings = get_top_n(test_predictions, 5)\n",
        "\n",
        "  precision, recall = precision_recall_at_k(test_predictions)\n",
        "\n",
        "  f_measure = (2*precision*recall)/(precision+recall)\n",
        "\n",
        "  ndcg_scores = dict()\n",
        "  for uid, user_ratings in top_n.items():\n",
        "    scores = []\n",
        "    for iid, est_r in user_ratings:\n",
        "        iid_found = False\n",
        "        org_user_ratings = org_ratings[uid]\n",
        "        for i, r in org_user_ratings:\n",
        "            if iid == i:\n",
        "                scores.append(r)\n",
        "                iid_found = True\n",
        "                break\n",
        "        if not iid_found:\n",
        "            scores.append(0)\n",
        "    ndcg_scores[uid] = ndcg_at_k(scores)\n",
        "  ndcg_score = sum(ndcg for ndcg in ndcg_scores.values())/len(ndcg_scores)\n",
        "\n",
        "  return (test_rmse, test_mae, fit_time, test_time, precision, recall, f_measure, ndcg_score,test_predictions)"
      ],
      "execution_count": null,
      "outputs": []
    },
    {
      "cell_type": "markdown",
      "metadata": {
        "id": "sTlXpyp1Zx08",
        "colab_type": "text"
      },
      "source": [
        "#### Basic algorithm (Baseline approach):"
      ]
    },
    {
      "cell_type": "code",
      "metadata": {
        "id": "sZqQEjDduQFJ",
        "colab_type": "code",
        "colab": {
          "base_uri": "https://localhost:8080/",
          "height": 235
        },
        "outputId": "d0802412-fff8-4fe9-b9ae-e33076a86875"
      },
      "source": [
        "# basic collaborative filtering algorithm taking into account a baseline rating.\n",
        "sim_options = {'name': 'pearson_baseline',\n",
        "               'user_based': False  # compute  similarities between items\n",
        "               }\n",
        "algo = KNNBaseline(sim_options=sim_options)\n",
        "\n",
        "results = recommendation(algo,trainset,testset)\n",
        "print(results[0])\n",
        "print(results[1])\n",
        "print(results[2])\n",
        "print(results[3])\n",
        "print(results[4])\n",
        "print(results[5])\n",
        "print(results[6])\n",
        "print(results[7])"
      ],
      "execution_count": null,
      "outputs": [
        {
          "output_type": "stream",
          "text": [
            "Estimating biases using als...\n",
            "Computing the pearson_baseline similarity matrix...\n",
            "Done computing similarity matrix.\n",
            "RMSE: 0.8527\n",
            "MAE:  0.6482\n",
            "0.8527048407985288\n",
            "0.6481831050363938\n",
            "11.110082864761353\n",
            "6.931541919708252\n",
            "0.8311748633879806\n",
            "0.4131693896380987\n",
            "0.5519630281626648\n",
            "0.9631023306515691\n"
          ],
          "name": "stdout"
        }
      ]
    },
    {
      "cell_type": "code",
      "metadata": {
        "id": "m68bbfIgZtaW",
        "colab_type": "code",
        "colab": {
          "base_uri": "https://localhost:8080/",
          "height": 185
        },
        "outputId": "29f656a4-3972-417c-aeca-543e8d53ebf6"
      },
      "source": [
        "algo = CoClustering(2,5,50)\n",
        "\n",
        "test_rmse, test_mae, test_predictions, fit_time, test_time, precision, recall, f_measure, ndcg_score = recommendation(algo,trainset,testset)\n",
        "print(test_rmse)\n",
        "print(test_mae)\n",
        "print(fit_time)\n",
        "print(test_time)\n",
        "print(precision)\n",
        "print(recall)\n",
        "print(f_measure)\n",
        "print(ndcg_score)"
      ],
      "execution_count": null,
      "outputs": [
        {
          "output_type": "stream",
          "text": [
            "RMSE: 0.9464\n",
            "MAE:  0.7297\n",
            "0.946409332531524\n",
            "0.7297237363608594\n",
            "4.6282360553741455\n",
            "0.09603595733642578\n",
            "0.7793689825657039\n",
            "0.5126558500741573\n",
            "0.6184835742859471\n",
            "1.0186988181654881\n"
          ],
          "name": "stdout"
        }
      ]
    },
    {
      "cell_type": "code",
      "metadata": {
        "id": "IbbkSVVIBOyx",
        "colab_type": "code",
        "colab": {}
      },
      "source": [
        "surprise_df = pd.DataFrame(columns= ['Algorithm', 'test_rmse', 'test_mae', 'fit_time', 'test_time', 'Precision', 'Recall', 'F-measure', 'NDCG'])"
      ],
      "execution_count": null,
      "outputs": []
    },
    {
      "cell_type": "code",
      "metadata": {
        "id": "nutu-se8aFF1",
        "colab_type": "code",
        "colab": {
          "base_uri": "https://localhost:8080/",
          "height": 1000
        },
        "outputId": "4467ae10-6641-4530-a159-1414cd2439b7"
      },
      "source": [
        "# Iterate over all algorithms\n",
        "for algorithm in [KNNBasic(), SVD(), SVDpp(), SlopeOne(), NMF(), KNNBaseline(), KNNWithMeans(), KNNWithZScore(), BaselineOnly(), CoClustering()]:\n",
        "    results = recommendation(algorithm,trainset,testset) \n",
        "    \n",
        "    name =str(algorithm).split(' ')[0].split('.')[-1]\n",
        "    print(\"Algorithm:\", name)\n",
        "    df = pd.DataFrame([[name, results[0], results[1], results[2], results[3], results[4], results[5], results[6], results[7]]], columns= ['Algorithm', 'test_rmse', 'test_mae', 'fit_time', 'test_time', 'Precision', 'Recall', 'F-measure', 'NDCG'])\n",
        "    surprise_df = pd.concat([df, surprise_df], ignore_index=True)\n",
        "surprise_df.sort_values(by='test_rmse', ascending=False) "
      ],
      "execution_count": null,
      "outputs": [
        {
          "output_type": "stream",
          "text": [
            "Computing the msd similarity matrix...\n",
            "Done computing similarity matrix.\n",
            "RMSE: 0.9508\n",
            "MAE:  0.7267\n",
            "Algorithm: KNNBasic\n",
            "RMSE: 0.8794\n",
            "MAE:  0.6739\n",
            "Algorithm: SVD\n",
            "RMSE: 0.8691\n",
            "MAE:  0.6641\n",
            "Algorithm: SVDpp\n",
            "RMSE: 0.9056\n",
            "MAE:  0.6877\n",
            "Algorithm: SlopeOne\n",
            "RMSE: 0.9291\n",
            "MAE:  0.7095\n",
            "Algorithm: NMF\n",
            "Estimating biases using als...\n",
            "Computing the msd similarity matrix...\n",
            "Done computing similarity matrix.\n",
            "RMSE: 0.8763\n",
            "MAE:  0.6660\n",
            "Algorithm: KNNBaseline\n",
            "Computing the msd similarity matrix...\n",
            "Done computing similarity matrix.\n",
            "RMSE: 0.9000\n",
            "MAE:  0.6837\n",
            "Algorithm: KNNWithMeans\n",
            "Computing the msd similarity matrix...\n",
            "Done computing similarity matrix.\n",
            "RMSE: 0.8992\n",
            "MAE:  0.6786\n",
            "Algorithm: KNNWithZScore\n",
            "Estimating biases using als...\n",
            "RMSE: 0.8735\n",
            "MAE:  0.6718\n",
            "Algorithm: BaselineOnly\n",
            "RMSE: 0.9522\n",
            "MAE:  0.7333\n",
            "Algorithm: CoClustering\n"
          ],
          "name": "stdout"
        },
        {
          "output_type": "execute_result",
          "data": {
            "text/html": [
              "<div>\n",
              "<style scoped>\n",
              "    .dataframe tbody tr th:only-of-type {\n",
              "        vertical-align: middle;\n",
              "    }\n",
              "\n",
              "    .dataframe tbody tr th {\n",
              "        vertical-align: top;\n",
              "    }\n",
              "\n",
              "    .dataframe thead th {\n",
              "        text-align: right;\n",
              "    }\n",
              "</style>\n",
              "<table border=\"1\" class=\"dataframe\">\n",
              "  <thead>\n",
              "    <tr style=\"text-align: right;\">\n",
              "      <th></th>\n",
              "      <th>Algorithm</th>\n",
              "      <th>test_rmse</th>\n",
              "      <th>test_mae</th>\n",
              "      <th>fit_time</th>\n",
              "      <th>test_time</th>\n",
              "      <th>Precision</th>\n",
              "      <th>Recall</th>\n",
              "      <th>F-measure</th>\n",
              "      <th>NDCG</th>\n",
              "    </tr>\n",
              "  </thead>\n",
              "  <tbody>\n",
              "    <tr>\n",
              "      <th>0</th>\n",
              "      <td>CoClustering</td>\n",
              "      <td>0.952208</td>\n",
              "      <td>0.733264</td>\n",
              "      <td>1.825201</td>\n",
              "      <td>0.173414</td>\n",
              "      <td>0.782623</td>\n",
              "      <td>0.380981</td>\n",
              "      <td>0.512484</td>\n",
              "      <td>0.955748</td>\n",
              "    </tr>\n",
              "    <tr>\n",
              "      <th>9</th>\n",
              "      <td>KNNBasic</td>\n",
              "      <td>0.950772</td>\n",
              "      <td>0.726653</td>\n",
              "      <td>0.098789</td>\n",
              "      <td>1.389246</td>\n",
              "      <td>0.783880</td>\n",
              "      <td>0.421535</td>\n",
              "      <td>0.548247</td>\n",
              "      <td>0.958676</td>\n",
              "    </tr>\n",
              "    <tr>\n",
              "      <th>5</th>\n",
              "      <td>NMF</td>\n",
              "      <td>0.929142</td>\n",
              "      <td>0.709469</td>\n",
              "      <td>5.150043</td>\n",
              "      <td>0.204061</td>\n",
              "      <td>0.779290</td>\n",
              "      <td>0.380745</td>\n",
              "      <td>0.511555</td>\n",
              "      <td>0.954884</td>\n",
              "    </tr>\n",
              "    <tr>\n",
              "      <th>6</th>\n",
              "      <td>SlopeOne</td>\n",
              "      <td>0.905645</td>\n",
              "      <td>0.687692</td>\n",
              "      <td>4.759230</td>\n",
              "      <td>5.592333</td>\n",
              "      <td>0.807541</td>\n",
              "      <td>0.396525</td>\n",
              "      <td>0.531881</td>\n",
              "      <td>0.955546</td>\n",
              "    </tr>\n",
              "    <tr>\n",
              "      <th>3</th>\n",
              "      <td>KNNWithMeans</td>\n",
              "      <td>0.900034</td>\n",
              "      <td>0.683693</td>\n",
              "      <td>0.109672</td>\n",
              "      <td>1.540596</td>\n",
              "      <td>0.800956</td>\n",
              "      <td>0.387139</td>\n",
              "      <td>0.521981</td>\n",
              "      <td>0.952709</td>\n",
              "    </tr>\n",
              "    <tr>\n",
              "      <th>2</th>\n",
              "      <td>KNNWithZScore</td>\n",
              "      <td>0.899184</td>\n",
              "      <td>0.678623</td>\n",
              "      <td>0.146574</td>\n",
              "      <td>1.795092</td>\n",
              "      <td>0.794809</td>\n",
              "      <td>0.391525</td>\n",
              "      <td>0.524620</td>\n",
              "      <td>0.954195</td>\n",
              "    </tr>\n",
              "    <tr>\n",
              "      <th>8</th>\n",
              "      <td>SVD</td>\n",
              "      <td>0.879436</td>\n",
              "      <td>0.673949</td>\n",
              "      <td>4.609977</td>\n",
              "      <td>0.125070</td>\n",
              "      <td>0.803306</td>\n",
              "      <td>0.385542</td>\n",
              "      <td>0.521022</td>\n",
              "      <td>0.956596</td>\n",
              "    </tr>\n",
              "    <tr>\n",
              "      <th>4</th>\n",
              "      <td>KNNBaseline</td>\n",
              "      <td>0.876293</td>\n",
              "      <td>0.665992</td>\n",
              "      <td>0.210110</td>\n",
              "      <td>1.936552</td>\n",
              "      <td>0.796421</td>\n",
              "      <td>0.415881</td>\n",
              "      <td>0.546425</td>\n",
              "      <td>0.956228</td>\n",
              "    </tr>\n",
              "    <tr>\n",
              "      <th>1</th>\n",
              "      <td>BaselineOnly</td>\n",
              "      <td>0.873457</td>\n",
              "      <td>0.671770</td>\n",
              "      <td>0.139662</td>\n",
              "      <td>0.092511</td>\n",
              "      <td>0.807432</td>\n",
              "      <td>0.400350</td>\n",
              "      <td>0.535288</td>\n",
              "      <td>0.959085</td>\n",
              "    </tr>\n",
              "    <tr>\n",
              "      <th>7</th>\n",
              "      <td>SVDpp</td>\n",
              "      <td>0.869119</td>\n",
              "      <td>0.664051</td>\n",
              "      <td>480.697082</td>\n",
              "      <td>7.997302</td>\n",
              "      <td>0.817842</td>\n",
              "      <td>0.397884</td>\n",
              "      <td>0.535328</td>\n",
              "      <td>0.960317</td>\n",
              "    </tr>\n",
              "  </tbody>\n",
              "</table>\n",
              "</div>"
            ],
            "text/plain": [
              "       Algorithm  test_rmse  test_mae  ...    Recall  F-measure      NDCG\n",
              "0   CoClustering   0.952208  0.733264  ...  0.380981   0.512484  0.955748\n",
              "9       KNNBasic   0.950772  0.726653  ...  0.421535   0.548247  0.958676\n",
              "5            NMF   0.929142  0.709469  ...  0.380745   0.511555  0.954884\n",
              "6       SlopeOne   0.905645  0.687692  ...  0.396525   0.531881  0.955546\n",
              "3   KNNWithMeans   0.900034  0.683693  ...  0.387139   0.521981  0.952709\n",
              "2  KNNWithZScore   0.899184  0.678623  ...  0.391525   0.524620  0.954195\n",
              "8            SVD   0.879436  0.673949  ...  0.385542   0.521022  0.956596\n",
              "4    KNNBaseline   0.876293  0.665992  ...  0.415881   0.546425  0.956228\n",
              "1   BaselineOnly   0.873457  0.671770  ...  0.400350   0.535288  0.959085\n",
              "7          SVDpp   0.869119  0.664051  ...  0.397884   0.535328  0.960317\n",
              "\n",
              "[10 rows x 9 columns]"
            ]
          },
          "metadata": {
            "tags": []
          },
          "execution_count": 25
        }
      ]
    },
    {
      "cell_type": "code",
      "metadata": {
        "id": "5YvKBuz_b7lA",
        "colab_type": "code",
        "colab": {
          "base_uri": "https://localhost:8080/",
          "height": 343
        },
        "outputId": "c67035a9-edea-4a9a-e7bf-911f54a64709"
      },
      "source": [
        "surprise_df.sort_values(by='test_rmse') "
      ],
      "execution_count": null,
      "outputs": [
        {
          "output_type": "execute_result",
          "data": {
            "text/html": [
              "<div>\n",
              "<style scoped>\n",
              "    .dataframe tbody tr th:only-of-type {\n",
              "        vertical-align: middle;\n",
              "    }\n",
              "\n",
              "    .dataframe tbody tr th {\n",
              "        vertical-align: top;\n",
              "    }\n",
              "\n",
              "    .dataframe thead th {\n",
              "        text-align: right;\n",
              "    }\n",
              "</style>\n",
              "<table border=\"1\" class=\"dataframe\">\n",
              "  <thead>\n",
              "    <tr style=\"text-align: right;\">\n",
              "      <th></th>\n",
              "      <th>Algorithm</th>\n",
              "      <th>test_rmse</th>\n",
              "      <th>test_mae</th>\n",
              "      <th>fit_time</th>\n",
              "      <th>test_time</th>\n",
              "      <th>Precision</th>\n",
              "      <th>Recall</th>\n",
              "      <th>F-measure</th>\n",
              "      <th>NDCG</th>\n",
              "    </tr>\n",
              "  </thead>\n",
              "  <tbody>\n",
              "    <tr>\n",
              "      <th>7</th>\n",
              "      <td>SVDpp</td>\n",
              "      <td>0.869119</td>\n",
              "      <td>0.664051</td>\n",
              "      <td>480.697082</td>\n",
              "      <td>7.997302</td>\n",
              "      <td>0.817842</td>\n",
              "      <td>0.397884</td>\n",
              "      <td>0.535328</td>\n",
              "      <td>0.960317</td>\n",
              "    </tr>\n",
              "    <tr>\n",
              "      <th>1</th>\n",
              "      <td>BaselineOnly</td>\n",
              "      <td>0.873457</td>\n",
              "      <td>0.671770</td>\n",
              "      <td>0.139662</td>\n",
              "      <td>0.092511</td>\n",
              "      <td>0.807432</td>\n",
              "      <td>0.400350</td>\n",
              "      <td>0.535288</td>\n",
              "      <td>0.959085</td>\n",
              "    </tr>\n",
              "    <tr>\n",
              "      <th>4</th>\n",
              "      <td>KNNBaseline</td>\n",
              "      <td>0.876293</td>\n",
              "      <td>0.665992</td>\n",
              "      <td>0.210110</td>\n",
              "      <td>1.936552</td>\n",
              "      <td>0.796421</td>\n",
              "      <td>0.415881</td>\n",
              "      <td>0.546425</td>\n",
              "      <td>0.956228</td>\n",
              "    </tr>\n",
              "    <tr>\n",
              "      <th>8</th>\n",
              "      <td>SVD</td>\n",
              "      <td>0.879436</td>\n",
              "      <td>0.673949</td>\n",
              "      <td>4.609977</td>\n",
              "      <td>0.125070</td>\n",
              "      <td>0.803306</td>\n",
              "      <td>0.385542</td>\n",
              "      <td>0.521022</td>\n",
              "      <td>0.956596</td>\n",
              "    </tr>\n",
              "    <tr>\n",
              "      <th>2</th>\n",
              "      <td>KNNWithZScore</td>\n",
              "      <td>0.899184</td>\n",
              "      <td>0.678623</td>\n",
              "      <td>0.146574</td>\n",
              "      <td>1.795092</td>\n",
              "      <td>0.794809</td>\n",
              "      <td>0.391525</td>\n",
              "      <td>0.524620</td>\n",
              "      <td>0.954195</td>\n",
              "    </tr>\n",
              "    <tr>\n",
              "      <th>3</th>\n",
              "      <td>KNNWithMeans</td>\n",
              "      <td>0.900034</td>\n",
              "      <td>0.683693</td>\n",
              "      <td>0.109672</td>\n",
              "      <td>1.540596</td>\n",
              "      <td>0.800956</td>\n",
              "      <td>0.387139</td>\n",
              "      <td>0.521981</td>\n",
              "      <td>0.952709</td>\n",
              "    </tr>\n",
              "    <tr>\n",
              "      <th>6</th>\n",
              "      <td>SlopeOne</td>\n",
              "      <td>0.905645</td>\n",
              "      <td>0.687692</td>\n",
              "      <td>4.759230</td>\n",
              "      <td>5.592333</td>\n",
              "      <td>0.807541</td>\n",
              "      <td>0.396525</td>\n",
              "      <td>0.531881</td>\n",
              "      <td>0.955546</td>\n",
              "    </tr>\n",
              "    <tr>\n",
              "      <th>5</th>\n",
              "      <td>NMF</td>\n",
              "      <td>0.929142</td>\n",
              "      <td>0.709469</td>\n",
              "      <td>5.150043</td>\n",
              "      <td>0.204061</td>\n",
              "      <td>0.779290</td>\n",
              "      <td>0.380745</td>\n",
              "      <td>0.511555</td>\n",
              "      <td>0.954884</td>\n",
              "    </tr>\n",
              "    <tr>\n",
              "      <th>9</th>\n",
              "      <td>KNNBasic</td>\n",
              "      <td>0.950772</td>\n",
              "      <td>0.726653</td>\n",
              "      <td>0.098789</td>\n",
              "      <td>1.389246</td>\n",
              "      <td>0.783880</td>\n",
              "      <td>0.421535</td>\n",
              "      <td>0.548247</td>\n",
              "      <td>0.958676</td>\n",
              "    </tr>\n",
              "    <tr>\n",
              "      <th>0</th>\n",
              "      <td>CoClustering</td>\n",
              "      <td>0.952208</td>\n",
              "      <td>0.733264</td>\n",
              "      <td>1.825201</td>\n",
              "      <td>0.173414</td>\n",
              "      <td>0.782623</td>\n",
              "      <td>0.380981</td>\n",
              "      <td>0.512484</td>\n",
              "      <td>0.955748</td>\n",
              "    </tr>\n",
              "  </tbody>\n",
              "</table>\n",
              "</div>"
            ],
            "text/plain": [
              "       Algorithm  test_rmse  test_mae  ...    Recall  F-measure      NDCG\n",
              "7          SVDpp   0.869119  0.664051  ...  0.397884   0.535328  0.960317\n",
              "1   BaselineOnly   0.873457  0.671770  ...  0.400350   0.535288  0.959085\n",
              "4    KNNBaseline   0.876293  0.665992  ...  0.415881   0.546425  0.956228\n",
              "8            SVD   0.879436  0.673949  ...  0.385542   0.521022  0.956596\n",
              "2  KNNWithZScore   0.899184  0.678623  ...  0.391525   0.524620  0.954195\n",
              "3   KNNWithMeans   0.900034  0.683693  ...  0.387139   0.521981  0.952709\n",
              "6       SlopeOne   0.905645  0.687692  ...  0.396525   0.531881  0.955546\n",
              "5            NMF   0.929142  0.709469  ...  0.380745   0.511555  0.954884\n",
              "9       KNNBasic   0.950772  0.726653  ...  0.421535   0.548247  0.958676\n",
              "0   CoClustering   0.952208  0.733264  ...  0.380981   0.512484  0.955748\n",
              "\n",
              "[10 rows x 9 columns]"
            ]
          },
          "metadata": {
            "tags": []
          },
          "execution_count": 26
        }
      ]
    },
    {
      "cell_type": "code",
      "metadata": {
        "id": "x2STL7RH8ZOk",
        "colab_type": "code",
        "colab": {
          "base_uri": "https://localhost:8080/",
          "height": 343
        },
        "outputId": "20404807-9c6d-4836-dc53-30a03176fd98"
      },
      "source": [
        "surprise_df.sort_values(by='F-measure', ascending=False) "
      ],
      "execution_count": null,
      "outputs": [
        {
          "output_type": "execute_result",
          "data": {
            "text/html": [
              "<div>\n",
              "<style scoped>\n",
              "    .dataframe tbody tr th:only-of-type {\n",
              "        vertical-align: middle;\n",
              "    }\n",
              "\n",
              "    .dataframe tbody tr th {\n",
              "        vertical-align: top;\n",
              "    }\n",
              "\n",
              "    .dataframe thead th {\n",
              "        text-align: right;\n",
              "    }\n",
              "</style>\n",
              "<table border=\"1\" class=\"dataframe\">\n",
              "  <thead>\n",
              "    <tr style=\"text-align: right;\">\n",
              "      <th></th>\n",
              "      <th>Algorithm</th>\n",
              "      <th>test_rmse</th>\n",
              "      <th>test_mae</th>\n",
              "      <th>fit_time</th>\n",
              "      <th>test_time</th>\n",
              "      <th>Precision</th>\n",
              "      <th>Recall</th>\n",
              "      <th>F-measure</th>\n",
              "      <th>NDCG</th>\n",
              "    </tr>\n",
              "  </thead>\n",
              "  <tbody>\n",
              "    <tr>\n",
              "      <th>9</th>\n",
              "      <td>KNNBasic</td>\n",
              "      <td>0.950772</td>\n",
              "      <td>0.726653</td>\n",
              "      <td>0.098789</td>\n",
              "      <td>1.389246</td>\n",
              "      <td>0.783880</td>\n",
              "      <td>0.421535</td>\n",
              "      <td>0.548247</td>\n",
              "      <td>0.958676</td>\n",
              "    </tr>\n",
              "    <tr>\n",
              "      <th>4</th>\n",
              "      <td>KNNBaseline</td>\n",
              "      <td>0.876293</td>\n",
              "      <td>0.665992</td>\n",
              "      <td>0.210110</td>\n",
              "      <td>1.936552</td>\n",
              "      <td>0.796421</td>\n",
              "      <td>0.415881</td>\n",
              "      <td>0.546425</td>\n",
              "      <td>0.956228</td>\n",
              "    </tr>\n",
              "    <tr>\n",
              "      <th>7</th>\n",
              "      <td>SVDpp</td>\n",
              "      <td>0.869119</td>\n",
              "      <td>0.664051</td>\n",
              "      <td>480.697082</td>\n",
              "      <td>7.997302</td>\n",
              "      <td>0.817842</td>\n",
              "      <td>0.397884</td>\n",
              "      <td>0.535328</td>\n",
              "      <td>0.960317</td>\n",
              "    </tr>\n",
              "    <tr>\n",
              "      <th>1</th>\n",
              "      <td>BaselineOnly</td>\n",
              "      <td>0.873457</td>\n",
              "      <td>0.671770</td>\n",
              "      <td>0.139662</td>\n",
              "      <td>0.092511</td>\n",
              "      <td>0.807432</td>\n",
              "      <td>0.400350</td>\n",
              "      <td>0.535288</td>\n",
              "      <td>0.959085</td>\n",
              "    </tr>\n",
              "    <tr>\n",
              "      <th>6</th>\n",
              "      <td>SlopeOne</td>\n",
              "      <td>0.905645</td>\n",
              "      <td>0.687692</td>\n",
              "      <td>4.759230</td>\n",
              "      <td>5.592333</td>\n",
              "      <td>0.807541</td>\n",
              "      <td>0.396525</td>\n",
              "      <td>0.531881</td>\n",
              "      <td>0.955546</td>\n",
              "    </tr>\n",
              "    <tr>\n",
              "      <th>2</th>\n",
              "      <td>KNNWithZScore</td>\n",
              "      <td>0.899184</td>\n",
              "      <td>0.678623</td>\n",
              "      <td>0.146574</td>\n",
              "      <td>1.795092</td>\n",
              "      <td>0.794809</td>\n",
              "      <td>0.391525</td>\n",
              "      <td>0.524620</td>\n",
              "      <td>0.954195</td>\n",
              "    </tr>\n",
              "    <tr>\n",
              "      <th>3</th>\n",
              "      <td>KNNWithMeans</td>\n",
              "      <td>0.900034</td>\n",
              "      <td>0.683693</td>\n",
              "      <td>0.109672</td>\n",
              "      <td>1.540596</td>\n",
              "      <td>0.800956</td>\n",
              "      <td>0.387139</td>\n",
              "      <td>0.521981</td>\n",
              "      <td>0.952709</td>\n",
              "    </tr>\n",
              "    <tr>\n",
              "      <th>8</th>\n",
              "      <td>SVD</td>\n",
              "      <td>0.879436</td>\n",
              "      <td>0.673949</td>\n",
              "      <td>4.609977</td>\n",
              "      <td>0.125070</td>\n",
              "      <td>0.803306</td>\n",
              "      <td>0.385542</td>\n",
              "      <td>0.521022</td>\n",
              "      <td>0.956596</td>\n",
              "    </tr>\n",
              "    <tr>\n",
              "      <th>0</th>\n",
              "      <td>CoClustering</td>\n",
              "      <td>0.952208</td>\n",
              "      <td>0.733264</td>\n",
              "      <td>1.825201</td>\n",
              "      <td>0.173414</td>\n",
              "      <td>0.782623</td>\n",
              "      <td>0.380981</td>\n",
              "      <td>0.512484</td>\n",
              "      <td>0.955748</td>\n",
              "    </tr>\n",
              "    <tr>\n",
              "      <th>5</th>\n",
              "      <td>NMF</td>\n",
              "      <td>0.929142</td>\n",
              "      <td>0.709469</td>\n",
              "      <td>5.150043</td>\n",
              "      <td>0.204061</td>\n",
              "      <td>0.779290</td>\n",
              "      <td>0.380745</td>\n",
              "      <td>0.511555</td>\n",
              "      <td>0.954884</td>\n",
              "    </tr>\n",
              "  </tbody>\n",
              "</table>\n",
              "</div>"
            ],
            "text/plain": [
              "       Algorithm  test_rmse  test_mae  ...    Recall  F-measure      NDCG\n",
              "9       KNNBasic   0.950772  0.726653  ...  0.421535   0.548247  0.958676\n",
              "4    KNNBaseline   0.876293  0.665992  ...  0.415881   0.546425  0.956228\n",
              "7          SVDpp   0.869119  0.664051  ...  0.397884   0.535328  0.960317\n",
              "1   BaselineOnly   0.873457  0.671770  ...  0.400350   0.535288  0.959085\n",
              "6       SlopeOne   0.905645  0.687692  ...  0.396525   0.531881  0.955546\n",
              "2  KNNWithZScore   0.899184  0.678623  ...  0.391525   0.524620  0.954195\n",
              "3   KNNWithMeans   0.900034  0.683693  ...  0.387139   0.521981  0.952709\n",
              "8            SVD   0.879436  0.673949  ...  0.385542   0.521022  0.956596\n",
              "0   CoClustering   0.952208  0.733264  ...  0.380981   0.512484  0.955748\n",
              "5            NMF   0.929142  0.709469  ...  0.380745   0.511555  0.954884\n",
              "\n",
              "[10 rows x 9 columns]"
            ]
          },
          "metadata": {
            "tags": []
          },
          "execution_count": 28
        }
      ]
    },
    {
      "cell_type": "code",
      "metadata": {
        "id": "HLfUTRr58pVP",
        "colab_type": "code",
        "colab": {
          "base_uri": "https://localhost:8080/",
          "height": 343
        },
        "outputId": "6ffb6a07-fe46-45f7-a5b3-feeb4be835be"
      },
      "source": [
        "surprise_df.sort_values(by='NDCG', ascending=False)"
      ],
      "execution_count": null,
      "outputs": [
        {
          "output_type": "execute_result",
          "data": {
            "text/html": [
              "<div>\n",
              "<style scoped>\n",
              "    .dataframe tbody tr th:only-of-type {\n",
              "        vertical-align: middle;\n",
              "    }\n",
              "\n",
              "    .dataframe tbody tr th {\n",
              "        vertical-align: top;\n",
              "    }\n",
              "\n",
              "    .dataframe thead th {\n",
              "        text-align: right;\n",
              "    }\n",
              "</style>\n",
              "<table border=\"1\" class=\"dataframe\">\n",
              "  <thead>\n",
              "    <tr style=\"text-align: right;\">\n",
              "      <th></th>\n",
              "      <th>Algorithm</th>\n",
              "      <th>test_rmse</th>\n",
              "      <th>test_mae</th>\n",
              "      <th>fit_time</th>\n",
              "      <th>test_time</th>\n",
              "      <th>Precision</th>\n",
              "      <th>Recall</th>\n",
              "      <th>F-measure</th>\n",
